D2,0,1,-2.016,-0.443,0.000
D2,1,2,-1.575,-8.918,0.000
L38,0,3796,0.000,0.000,0.000
L38,1,3794,0.450,1.610,-0.029
L38,2,3792,-0.460,1.640,-0.020
L38,3,3782,-1.970,1.790,1.542
L38,4,3780,-2.680,0.560,-0.058
L38,5,3776,-1.520,-0.400,-0.025
L38,6,3766,-1.500,-1.960,0.006
L38,7,3778,-2.700,-1.300,0.060
L38,8,3746,-2.640,-3.180,0.035
L38,9,3764,-1.430,-3.500,0.029
L38,10,3762,-1.360,-5.000,0.042
L38,11,3744,-2.430,-5.040,0.025
L38,12,3760,-1.210,-6.620,0.063
L38,13,3734,-2.270,-6.820,0.080
L38,14,3750,-1.080,-8.210,0.058
L38,15,3732,-2.220,-8.990,0.076
L38,16,3748,-0.930,-9.910,0.057
L38,17,3600,-1.190,-10.850,0.086
L38,18,3730,-1.120,-12.050,0.116
L38,19,3718,-1.000,-13.260,-0.025
L38,20,3716,-0.830,-14.750,0.084
L38,21,3714,-0.670,-16.280,0.148
L38,22,3712,-0.530,-17.260,0.145
L38,23,3620,-0.630,-18.280,-1.433
L38,24,3686,-0.280,-19.260,0.234
L38,25,3702,0.550,-18.960,0.170
L38,26,3670,-1.360,-19.390,0.145
L38,27,3668,-2.080,-19.710,0.162
L38,28,3684,-1.890,-20.760,0.259
L38,29,3634,-2.970,-18.850,0.140
L38,30,3666,-3.140,-19.870,0.201
L38,31,3664,-4.370,-20.070,0.206
L38,32,3654,-5.620,-20.250,0.143
L38,33,3650,-5.540,-21.260,-2.810
L38,34,3648,-4.250,-21.170,-1.320
L38,35,3652,-2.970,-20.920,-1.364
L38,36,3682,-0.250,-20.550,0.085
L38,37,3680,-1.100,-20.570,0.140
P10,0,1,-2.010,-0.520,-0.058,3778,2,0,0,0,0,0,0,0,0
P10,1,2,-2.390,-2.290,0.060,3746,3,0,0,0,0,0,0,0,0
P10,2,3,-2.320,-3.870,0.035,3744,4,0,0,0,0,0,0,0,0
P10,3,4,-2.240,-5.500,0.025,3734,6,0,0,0,0,0,0,0,0
P10,4,6,-2.110,-7.210,0.080,3750,7,0,0,0,0,0,0,0,0
P10,5,7,-1.560,-8.820,0.058,3760,8,0,0,0,0,0,0,0,0
P10,6,8,-1.220,-7.430,0.063,3762,9,0,0,0,0,0,0,0,0
P10,7,9,-1.370,-5.740,0.042,3764,10,0,0,0,0,0,0,0,0
P10,8,10,-1.480,-4.040,0.029,3766,11,0,0,0,0,0,0,0,0
P10,9,11,-1.600,-2.690,0.006,3780,1,0,0,0,0,0,0,0,0
O1
#END


